0.200633 -2.000444 -19.878370 1.000222 -0.997065
0.201270 -2.000444 -19.752694 1.000222 -0.993909
0.201912 -2.000444 -19.627416 1.000222 -0.990752
0.202557 -2.000444 -19.502537 1.000222 -0.987595
0.203207 -2.000444 -19.378057 1.000222 -0.984438
0.203860 -2.000444 -19.253975 1.000222 -0.981281
0.204518 -2.000444 -19.130291 1.000222 -0.978124
0.205181 -2.000444 -19.007006 1.000222 -0.974967
0.205847 -2.000444 -18.884120 1.000222 -0.971811
0.206518 -2.000444 -18.761632 1.000222 -0.968654
0.207193 -2.000444 -18.639543 1.000222 -0.965497
0.207873 -2.000444 -18.517852 1.000222 -0.962340
0.208557 -2.000444 -18.396560 1.000222 -0.959183
0.209246 -2.000444 -18.275667 1.000222 -0.956026
0.209939 -2.000444 -18.155172 1.000222 -0.952870
0.210637 -2.000444 -18.035075 1.000222 -0.949713
0.211339 -2.000444 -17.915377 1.000222 -0.946556
0.212046 -2.000444 -17.796078 1.000222 -0.943399
0.212758 -2.000444 -17.677177 1.000222 -0.940242
0.213475 -2.000444 -17.558674 1.000222 -0.937085
0.214197 -2.000444 -17.440570 1.000222 -0.933928
0.214923 -2.000444 -17.322865 1.000222 -0.930772
0.215655 -2.000444 -17.205558 1.000222 -0.927615
0.216391 -2.000444 -17.088650 1.000222 -0.924458
0.217133 -2.000444 -16.972140 1.000222 -0.921301
0.217879 -2.000444 -16.856029 1.000222 -0.918144
0.218631 -2.000444 -16.740317 1.000222 -0.914987
0.219388 -2.000444 -16.625002 1.000222 -0.911830
0.220150 -2.000444 -16.510087 1.000222 -0.908674
0.220917 -2.000444 -16.395570 1.000222 -0.905517
0.221690 -2.000444 -16.281451 1.000222 -0.902360
0.222469 -2.000444 -16.167731 1.000222 -0.899203
0.223252 -2.000444 -16.054410 1.000222 -0.896046
0.224042 -2.000444 -15.941487 1.000222 -0.892889
0.224837 -2.000444 -15.828963 1.000222 -0.889733
0.225637 -2.000444 -15.716837 1.000222 -0.886576
0.226443 -2.000444 -15.605110 1.000222 -0.883419
0.227256 -2.000444 -15.493781 1.000222 -0.880262
0.228073 -2.000444 -15.382851 1.000222 -0.877105
0.228897 -2.000444 -15.272319 1.000222 -0.873948
0.229727 -2.000444 -15.162186 1.000222 -0.870791
0.230563 -2.000444 -15.052452 1.000222 -0.867635
0.231405 -2.000444 -14.943116 1.000222 -0.864478
0.232253 -2.000444 -14.834178 1.000222 -0.861321
0.233107 -2.000444 -14.725639 1.000222 -0.858164
0.233968 -2.000444 -14.617499 1.000222 -0.855007
0.234835 -2.000444 -14.509757 1.000222 -0.851850
0.235709 -2.000444 -14.402414 1.000222 -0.848694
0.236589 -2.000444 -14.295469 1.000222 -0.845537
0.237475 -2.000444 -14.188923 1.000222 -0.842380
0.238369 -2.000444 -14.082775 1.000222 -0.839223
0.239269 -2.000444 -13.977026 1.000222 -0.836066
0.240176 -2.000444 -13.871676 1.000222 -0.832909
0.241089 -2.000444 -13.766723 1.000222 -0.829752
0.242010 -2.000444 -13.662170 1.000222 -0.826596
0.242938 -2.000444 -13.558015 1.000222 -0.823439
0.243873 -2.000444 -13.454258 1.000222 -0.820282
0.244815 -2.000444 -13.350901 1.000222 -0.817125
0.245764 -2.000444 -13.247941 1.000222 -0.813968
0.246721 -2.000444 -13.145380 1.000222 -0.810811
0.247686 -2.000444 -13.043218 1.000222 -0.807655
0.248658 -2.000444 -12.941454 1.000222 -0.804498
0.249637 -2.000444 -12.840089 1.000222 -0.801341
0.250624 -2.000444 -12.739122 1.000222 -0.798184
0.251620 -2.000444 -12.638554 1.000222 -0.795027
0.252623 -2.000444 -12.538385 1.000222 -0.791870
0.253634 -2.000444 -12.438614 1.000222 -0.788713
0.254653 -2.000444 -12.339241 1.000222 -0.785557
0.255681 -2.000444 -12.240267 1.000222 -0.782400
0.256716 -2.000444 -12.141692 1.000222 -0.779243
0.257761 -2.000444 -12.043515 1.000222 -0.776086
0.258813 -2.000444 -11.945736 1.000222 -0.772929
0.259875 -2.000444 -11.848356 1.000222 -0.769772
0.260945 -2.000444 -11.751375 1.000222 -0.766616
0.262024 -2.000444 -11.654792 1.000222 -0.763459
0.263112 -2.000444 -11.558608 1.000222 -0.760302
0.264209 -2.000444 -11.462823 1.000222 -0.757145
0.265315 -2.000444 -11.367435 1.000222 -0.753988
0.266431 -2.000444 -11.272447 1.000222 -0.750831
0.267556 -2.000444 -11.177857 1.000222 -0.747674
0.268690 -2.000444 -11.083665 1.000222 -0.744518
0.269834 -2.000444 -10.989872 1.000222 -0.741361
0.270988 -2.000444 -10.896478 1.000222 -0.738204
0.272152 -2.000444 -10.803482 1.000222 -0.735047
0.273326 -2.000444 -10.710885 1.000222 -0.731890
0.274510 -2.000444 -10.618686 1.000222 -0.728733
0.275704 -2.000444 -10.526885 1.000222 -0.725576
0.276909 -2.000444 -10.435484 1.000222 -0.722420
0.278124 -2.000444 -10.344480 1.000222 -0.719263
0.279350 -2.000444 -10.253876 1.000222 -0.716106
0.280587 -2.000444 -10.163670 1.000222 -0.712949
0.281835 -2.000444 -10.073862 1.000222 -0.709792
0.283094 -2.000444 -9.984453 1.000222 -0.706635
0.284365 -2.000444 -9.895443 1.000222 -0.703479
0.285647 -2.000444 -9.806831 1.000222 -0.700322
0.286940 -2.000444 -9.718617 1.000222 -0.697165
0.288245 -2.000444 -9.630802 1.000222 -0.694008
0.289562 -2.000444 -9.543386 1.000222 -0.690851
0.290892 -2.000444 -9.456368 1.000222 -0.687694
0.292233 -2.000444 -9.369749 1.000222 -0.684537
0.293587 -2.000444 -9.283528 1.000222 -0.681381
0.294953 -2.000444 -9.197706 1.000222 -0.678224
0.296333 -2.000444 -9.112282 1.000222 -0.675067
0.297725 -2.000444 -9.027257 1.000222 -0.671910
0.299130 -2.000444 -8.942630 1.000222 -0.668753
0.300549 -2.000444 -8.858402 1.000222 -0.665596
0.301981 -2.000444 -8.774573 1.000222 -0.662440
0.303427 -2.000444 -8.691142 1.000222 -0.659283
0.304887 -2.000444 -8.608109 1.000222 -0.656126
0.306361 -2.000444 -8.525476 1.000222 -0.652969
0.307850 -2.000444 -8.443240 1.000222 -0.649812
0.309353 -2.000444 -8.361403 1.000222 -0.646655
0.310870 -2.000444 -8.279965 1.000222 -0.643498
0.312403 -2.000444 -8.198925 1.000222 -0.640342
0.313950 -2.000444 -8.118284 1.000222 -0.637185
0.315514 -2.000444 -8.038042 1.000222 -0.634028
0.317092 -2.000444 -7.958197 1.000222 -0.630871
0.318687 -2.000444 -7.878752 1.000222 -0.627714
0.320298 -2.000444 -7.799705 1.000222 -0.624557
0.321925 -2.000444 -7.721056 1.000222 -0.621401
0.323569 -2.000444 -7.642806 1.000222 -0.618244
0.325230 -2.000444 -7.564955 1.000222 -0.615087
0.326907 -2.000444 -7.487502 1.000222 -0.611930
0.328603 -2.000444 -7.410448 1.000222 -0.608773
0.330316 -2.000444 -7.333792 1.000222 -0.605616
0.332046 -2.000444 -7.257535 1.000222 -0.602459
0.333795 -2.000444 -7.181676 1.000222 -0.599303
0.335563 -2.000444 -7.106216 1.000222 -0.596146
0.337349 -2.000444 -7.031154 1.000222 -0.592989
0.339155 -2.000444 -6.956491 1.000222 -0.589832
0.340980 -2.000444 -6.882226 1.000222 -0.586675
0.342825 -2.000444 -6.808360 1.000222 -0.583518
0.344689 -2.000444 -6.734893 1.000222 -0.580361
0.346575 -2.000444 -6.661824 1.000222 -0.577205
0.348480 -2.000444 -6.589153 1.000222 -0.574048
0.350407 -2.000444 -6.516881 1.000222 -0.570891
0.352356 -2.000444 -6.445008 1.000222 -0.567734
0.354326 -2.000444 -6.373533 1.000222 -0.564577
0.356318 -2.000444 -6.302457 1.000222 -0.561420
0.358333 -2.000444 -6.231779 1.000222 -0.558264
0.360371 -2.000444 -6.161500 1.000222 -0.555107
0.362432 -2.000444 -6.091620 1.000222 -0.551950
0.364517 -2.000444 -6.022137 1.000222 -0.548793
0.366626 -2.000444 -5.953054 1.000222 -0.545636
0.368760 -2.000444 -5.884369 1.000222 -0.542479
0.370918 -2.000444 -5.816082 1.000222 -0.539322
0.373102 -2.000444 -5.748194 1.000222 -0.536166
0.375312 -2.000444 -5.680705 1.000222 -0.533009
0.377548 -2.000444 -5.613614 1.000222 -0.529852
0.379811 -2.000444 -5.546922 1.000222 -0.526695
0.382101 -2.000444 -5.480628 1.000222 -0.523538
0.384419 -2.000444 -5.414733 1.000222 -0.520381
0.386765 -2.000444 -5.349236 1.000222 -0.517225
0.389140 -2.000444 -5.284138 1.000222 -0.514068
0.391545 -2.000444 -5.219438 1.000222 -0.510911
0.393979 -2.000444 -5.155137 1.000222 -0.507754
0.396444 -2.000444 -5.091234 1.000222 -0.504597
0.398940 -2.000444 -5.027730 1.000222 -0.501440
0.401467 -2.000444 -4.964625 1.000222 -0.498283
0.404027 -2.000444 -4.901918 1.000222 -0.495127
0.406619 -2.000444 -4.839610 1.000222 -0.491970
0.409245 -2.000444 -4.777700 1.000222 -0.488813
0.411906 -2.000444 -4.716188 1.000222 -0.485656
0.414601 -2.000444 -4.655076 1.000222 -0.482499
0.417331 -2.000444 -4.594361 1.000222 -0.479342
0.420098 -2.000444 -4.534046 1.000222 -0.476186
0.422901 -2.000444 -4.474128 1.000222 -0.473029
0.425743 -2.000444 -4.414610 1.000222 -0.469872
0.428622 -2.000444 -4.355490 1.000222 -0.466715
0.431541 -2.000444 -4.296768 1.000222 -0.463558
0.434500 -2.000444 -4.238445 1.000222 -0.460401
0.437500 -2.000444 -4.180521 1.000222 -0.457244
0.440542 -2.000444 -4.122995 1.000222 -0.454088
0.443626 -2.000444 -4.065867 1.000222 -0.450931
0.446753 -2.000444 -4.009138 1.000222 -0.447774
0.449925 -2.000444 -3.952808 1.000222 -0.444617
0.453143 -2.000444 -3.896876 1.000222 -0.441460
0.456406 -2.000444 -3.841343 1.000222 -0.438303
0.459717 -2.000444 -3.786208 1.000222 -0.435147
0.463077 -2.000444 -3.731472 1.000222 -0.431990
0.466486 -2.000444 -3.677135 1.000222 -0.428833
0.469945 -2.000444 -3.623195 1.000222 -0.425676
0.473457 -2.000444 -3.569655 1.000222 -0.422519
0.477021 -2.000444 -3.516513 1.000222 -0.419362
0.480639 -2.000444 -3.463769 1.000222 -0.416205
0.484312 -2.000444 -3.411424 1.000222 -0.413049
0.488042 -2.000444 -3.359478 1.000222 -0.409892
0.491830 -2.000444 -3.307930 1.000222 -0.406735
0.495677 -2.000444 -3.256781 1.000222 -0.403578
0.499585 -2.000444 -3.206030 1.000222 -0.400421
0.503555 -2.000444 -3.155678 1.000222 -0.397264
0.507589 -2.000444 -3.105724 1.000222 -0.394107
0.511687 -2.000444 -3.056169 1.000222 -0.390951
0.515853 -2.000444 -3.007012 1.000222 -0.387794
0.520086 -2.000444 -2.958254 1.000222 -0.384637
0.524390 -2.000444 -2.909895 1.000222 -0.381480
0.528766 -2.000444 -2.861934 1.000222 -0.378323
0.533215 -2.000444 -2.814371 1.000222 -0.375166
0.537740 -2.000444 -2.767207 1.000222 -0.372010
0.542342 -2.000444 -2.720442 1.000222 -0.368853
0.547024 -2.000444 -2.674075 1.000222 -0.365696
0.551787 -2.000444 -2.628107 1.000222 -0.362539
0.556634 -2.000444 -2.582537 1.000222 -0.359382
0.561567 -2.000444 -2.537366 1.000222 -0.356225
0.566588 -2.000444 -2.492593 1.000222 -0.353068
0.571700 -2.000444 -2.448219 1.000222 -0.349912
0.576905 -2.000444 -2.404243 1.000222 -0.346755
0.582205 -2.000444 -2.360666 1.000222 -0.343598
0.587604 -2.000444 -2.317488 1.000222 -0.340441
0.593103 -2.000444 -2.274708 1.000222 -0.337284
0.598707 -2.000444 -2.232326 1.000222 -0.334127
0.604418 -2.000444 -2.190343 1.000222 -0.330971
0.610238 -2.000444 -2.148759 1.000222 -0.327814
0.616172 -2.000444 -2.107573 1.000222 -0.324657
0.622222 -2.000444 -2.066786 1.000222 -0.321500
0.628392 -2.000444 -2.026397 1.000222 -0.318343
0.634686 -2.000444 -1.986407 1.000222 -0.315186
0.641108 -2.000444 -1.946815 1.000222 -0.312029
0.647660 -2.000444 -1.907622 1.000222 -0.308873
0.654348 -2.000444 -1.868827 1.000222 -0.305716
0.661175 -2.000444 -1.830431 1.000222 -0.302559
0.668147 -2.000444 -1.792434 1.000222 -0.299402
0.675266 -2.000444 -1.754835 1.000222 -0.296245
0.682540 -2.000444 -1.717634 1.000222 -0.293088
0.689971 -2.000444 -1.680832 1.000222 -0.289932
0.697567 -2.000444 -1.644429 1.000222 -0.286775
0.705331 -2.000444 -1.608424 1.000222 -0.283618
0.713270 -2.000444 -1.572818 1.000222 -0.280461
0.721390 -2.000444 -1.537610 1.000222 -0.277304
0.729697 -2.000444 -1.502801 1.000222 -0.274147
0.738197 -2.000444 -1.468390 1.000222 -0.270990
0.746898 -2.000444 -1.434378 1.000222 -0.267834
0.755807 -2.000444 -1.400764 1.000222 -0.264677
0.764930 -2.000444 -1.367549 1.000222 -0.261520
0.774277 -2.000444 -1.334733 1.000222 -0.258363
0.783854 -2.000444 -1.302315 1.000222 -0.255206
0.793672 -2.000444 -1.270295 1.000222 -0.252049
0.803738 -2.000444 -1.238674 1.000222 -0.248893
0.814064 -2.000444 -1.207452 1.000222 -0.245736
0.824658 -2.000444 -1.176628 1.000222 -0.242579
0.835531 -2.000444 -1.146203 1.000222 -0.239422
0.846695 -2.000444 -1.116176 1.000222 -0.236265
0.858161 -2.000444 -1.086548 1.000222 -0.233108
0.869942 -2.000444 -1.057318 1.000222 -0.229951
0.882051 -2.000444 -1.028487 1.000222 -0.226795
0.894502 -2.000444 -1.000054 1.000222 -0.223638
0.907310 -2.000444 -0.972020 1.000222 -0.220481
0.920489 -2.000444 -0.944385 1.000222 -0.217324
0.934057 -2.000444 -0.917148 1.000222 -0.214167
0.948031 -2.000444 -0.890309 1.000222 -0.211010
0.962430 -2.000444 -0.863869 1.000222 -0.207853
0.977273 -2.000444 -0.837828 1.000222 -0.204697
0.992580 -2.000444 -0.812185 1.000222 -0.201540
1.008375 -2.000444 -0.786941 1.000222 -0.198383
1.024681 -2.000444 -0.762095 1.000222 -0.195226
1.041522 -2.000444 -0.737648 1.000222 -0.192069
1.058927 -2.000444 -0.713599 1.000222 -0.188912
1.076923 -2.000444 -0.689949 1.000222 -0.185756
1.095541 -2.000444 -0.666698 1.000222 -0.182599
1.114815 -2.000444 -0.643845 1.000222 -0.179442
1.134779 -2.000444 -0.621390 1.000222 -0.176285
1.155470 -2.000444 -0.599334 1.000222 -0.173128
1.176931 -2.000444 -0.577677 1.000222 -0.169971
1.199203 -2.000444 -0.556418 1.000222 -0.166814
1.222335 -2.000444 -0.535557 1.000222 -0.163658
1.246377 -2.000444 -0.515096 1.000222 -0.160501
1.271383 -2.000444 -0.495032 1.000222 -0.157344
1.297414 -2.000444 -0.475367 1.000222 -0.154187
1.324532 -2.000444 -0.456101 1.000222 -0.151030
1.352809 -2.000444 -0.437234 1.000222 -0.147873
1.382319 -2.000444 -0.418764 1.000222 -0.144717
1.413146 -2.000444 -0.400694 1.000222 -0.141560
1.445378 -2.000444 -0.383022 1.000222 -0.138403
1.479115 -2.000444 -0.365748 1.000222 -0.135246
1.514465 -2.000444 -0.348873 1.000222 -0.132089
1.551546 -2.000444 -0.332397 1.000222 -0.128932
1.590489 -2.000444 -0.316319 1.000222 -0.125775
1.631436 -2.000444 -0.300640 1.000222 -0.122619
1.674548 -2.000444 -0.285359 1.000222 -0.119462
1.720000 -2.000444 -0.270477 1.000222 -0.116305
1.767988 -2.000444 -0.255993 1.000222 -0.113148
1.818731 -2.000444 -0.241908 1.000222 -0.109991
1.872473 -2.000444 -0.228221 1.000222 -0.106834
1.929487 -2.000444 -0.214933 1.000222 -0.103678
1.990083 -2.000444 -0.202043 1.000222 -0.100521
2.054608 -2.000444 -0.189552 1.000222 -0.097364
2.123457 -2.000444 -0.177460 1.000222 -0.094207
2.197080 -2.000444 -0.165766 1.000222 -0.091050
2.275992 -2.000444 -0.154470 1.000222 -0.087893
2.360784 -2.000444 -0.143573 1.000222 -0.084736
2.452138 -2.000444 -0.133075 1.000222 -0.081580
2.550847 -2.000444 -0.122975 1.000222 -0.078423
2.657837 -2.000444 -0.113274 1.000222 -0.075266
2.774194 -2.000444 -0.103971 1.000222 -0.072109
2.901205 -2.000444 -0.095067 1.000222 -0.068952
3.040404 -2.000444 -0.086561 1.000222 -0.065795
3.193634 -2.000444 -0.078454 1.000222 -0.062639
3.363128 -2.000444 -0.070746 1.000222 -0.059482
3.551622 -2.000444 -0.063436 1.000222 -0.056325
3.762500 -2.000444 -0.056524 1.000222 -0.053168
